trial_id,U_exp,K_exp,D_exp,base_level_fall
1,-4.560546875,-6.806640625,-1.962890625,1.0302734375
2,-4.439453125,-6.806640625,-1.962890625,1.0302734375
3,-4.560546875,-5.185546875,-1.962890625,1.0302734375
4,-4.560546875,-6.806640625,-2.908203125,1.0302734375
5,-4.560546875,-6.806640625,-1.962890625,1.6982421875
6,-4.560546875,-5.185546875,-2.908203125,1.6982421875
7,-4.439453125,-6.806640625,-2.908203125,1.6982421875
8,-4.439453125,-5.185546875,-1.962890625,1.6982421875
9,-4.439453125,-5.185546875,-2.908203125,1.0302734375
10,-4.439453125,-5.185546875,-2.908203125,1.6982421875
11,-3.560546875,-5.806640625,-2.962890625,-0.4697265625
12,-3.439453125,-5.806640625,-2.962890625,-0.4697265625
13,-3.560546875,-6.185546875,-2.962890625,-0.4697265625
14,-3.560546875,-5.806640625,-1.908203125,-0.4697265625
15,-3.560546875,-5.806640625,-2.962890625,0.1982421875
16,-3.560546875,-6.185546875,-1.908203125,0.1982421875
17,-3.439453125,-5.806640625,-1.908203125,0.1982421875
18,-3.439453125,-6.185546875,-2.962890625,0.1982421875
19,-3.439453125,-6.185546875,-1.908203125,-0.4697265625
20,-3.439453125,-6.185546875,-1.908203125,0.1982421875
21,-3.060546875,-6.306640625,-1.462890625,1.7802734375
22,-3.939453125,-6.306640625,-1.462890625,1.7802734375
23,-3.060546875,-6.685546875,-1.462890625,1.7802734375
24,-3.060546875,-6.306640625,-2.408203125,1.7802734375
25,-3.060546875,-6.306640625,-1.462890625,-0.5517578125
26,-3.060546875,-6.685546875,-2.408203125,-0.5517578125
27,-3.939453125,-6.306640625,-2.408203125,-0.5517578125
28,-3.939453125,-6.685546875,-1.462890625,-0.5517578125
29,-3.939453125,-6.685546875,-2.408203125,1.7802734375
30,-3.939453125,-6.685546875,-2.408203125,-0.5517578125
31,-4.060546875,-5.306640625,-2.462890625,0.2802734375
32,-4.939453125,-5.306640625,-2.462890625,0.2802734375
33,-4.060546875,-5.685546875,-2.462890625,0.2802734375
34,-4.060546875,-5.306640625,-1.408203125,0.2802734375
35,-4.060546875,-5.306640625,-2.462890625,0.9482421875
36,-4.060546875,-5.685546875,-1.408203125,0.9482421875
37,-4.939453125,-5.306640625,-1.408203125,0.9482421875
38,-4.939453125,-5.685546875,-2.462890625,0.9482421875
39,-4.939453125,-5.685546875,-1.408203125,0.2802734375
40,-4.939453125,-5.685546875,-1.408203125,0.9482421875
41,-4.310546875,-6.056640625,-2.712890625,-0.0947265625
42,-4.689453125,-6.056640625,-2.712890625,-0.0947265625
43,-4.310546875,-5.435546875,-2.712890625,-0.0947265625
44,-4.310546875,-6.056640625,-2.158203125,-0.0947265625
45,-4.310546875,-6.056640625,-2.712890625,-0.9267578125
46,-4.310546875,-5.435546875,-2.158203125,-0.9267578125
47,-4.689453125,-6.056640625,-2.158203125,-0.9267578125
48,-4.689453125,-5.435546875,-2.712890625,-0.9267578125
49,-4.689453125,-5.435546875,-2.158203125,-0.0947265625
50,-4.689453125,-5.435546875,-2.158203125,-0.9267578125
51,-3.310546875,-5.056640625,-1.712890625,1.4052734375
52,-3.689453125,-5.056640625,-1.712890625,1.4052734375
53,-3.310546875,-6.435546875,-1.712890625,1.4052734375
54,-3.310546875,-5.056640625,-1.158203125,1.4052734375
55,-3.310546875,-5.056640625,-1.712890625,0.5732421875
56,-3.310546875,-6.435546875,-1.158203125,0.5732421875
57,-3.689453125,-5.056640625,-1.158203125,0.5732421875
58,-3.689453125,-6.435546875,-1.712890625,0.5732421875
59,-3.689453125,-6.435546875,-1.158203125,1.4052734375
60,-3.689453125,-6.435546875,-1.158203125,0.5732421875
61,-3.810546875,-6.556640625,-2.212890625,-0.8447265625
62,-3.189453125,-6.556640625,-2.212890625,-0.8447265625
63,-3.810546875,-6.935546875,-2.212890625,-0.8447265625
64,-3.810546875,-6.556640625,-2.658203125,-0.8447265625
65,-3.810546875,-6.556640625,-2.212890625,1.3232421875
66,-3.810546875,-6.935546875,-2.658203125,1.3232421875
67,-3.189453125,-6.556640625,-2.658203125,1.3232421875
68,-3.189453125,-6.935546875,-2.212890625,1.3232421875
69,-3.189453125,-6.935546875,-2.658203125,-0.8447265625
70,-3.189453125,-6.935546875,-2.658203125,1.3232421875
71,-4.810546875,-5.556640625,-1.212890625,0.6552734375
72,-4.189453125,-5.556640625,-1.212890625,0.6552734375
73,-4.810546875,-5.935546875,-1.212890625,0.6552734375
74,-4.810546875,-5.556640625,-1.658203125,0.6552734375
75,-4.810546875,-5.556640625,-1.212890625,-0.1767578125
76,-4.810546875,-5.935546875,-1.658203125,-0.1767578125
77,-4.189453125,-5.556640625,-1.658203125,-0.1767578125
78,-4.189453125,-5.935546875,-1.212890625,-0.1767578125
79,-4.189453125,-5.935546875,-1.658203125,0.6552734375
80,-4.189453125,-5.935546875,-1.658203125,-0.1767578125
81,-4.873046875,-6.619140625,-2.900390625,0.3740234375
82,-3.751953125,-6.619140625,-2.900390625,0.3740234375
83,-4.873046875,-6.498046875,-2.900390625,0.3740234375
84,-4.873046875,-6.619140625,-1.095703125,0.3740234375
85,-4.873046875,-6.619140625,-2.900390625,1.4169921875
86,-4.873046875,-6.498046875,-1.095703125,1.4169921875
87,-3.751953125,-6.619140625,-1.095703125,1.4169921875
88,-3.751953125,-6.498046875,-2.900390625,1.4169921875
89,-3.751953125,-6.498046875,-1.095703125,0.3740234375
90,-3.751953125,-6.498046875,-1.095703125,1.4169921875
91,-3.873046875,-5.619140625,-1.900390625,1.8740234375
92,-4.751953125,-5.619140625,-1.900390625,1.8740234375
93,-3.873046875,-5.498046875,-1.900390625,1.8740234375
94,-3.873046875,-5.619140625,-2.095703125,1.8740234375
95,-3.873046875,-5.619140625,-1.900390625,-0.0830078125
96,-3.873046875,-5.498046875,-2.095703125,-0.0830078125
97,-4.751953125,-5.619140625,-2.095703125,-0.0830078125
98,-4.751953125,-5.498046875,-1.900390625,-0.0830078125
99,-4.751953125,-5.498046875,-2.095703125,1.8740234375
100,-4.751953125,-5.498046875,-2.095703125,-0.0830078125
101,-3.373046875,-6.119140625,-2.400390625,-0.3759765625
102,-4.251953125,-6.119140625,-2.400390625,-0.3759765625
103,-3.373046875,-5.998046875,-2.400390625,-0.3759765625
104,-3.373046875,-6.119140625,-1.595703125,-0.3759765625
105,-3.373046875,-6.119140625,-2.400390625,-0.8330078125
106,-3.373046875,-5.998046875,-1.595703125,-0.8330078125
107,-4.251953125,-6.119140625,-1.595703125,-0.8330078125
108,-4.251953125,-5.998046875,-2.400390625,-0.8330078125
109,-4.251953125,-5.998046875,-1.595703125,-0.3759765625
110,-4.251953125,-5.998046875,-1.595703125,-0.8330078125
111,-4.373046875,-5.119140625,-1.400390625,1.1240234375
112,-3.251953125,-5.119140625,-1.400390625,1.1240234375
113,-4.373046875,-6.998046875,-1.400390625,1.1240234375
114,-4.373046875,-5.119140625,-2.595703125,1.1240234375
115,-4.373046875,-5.119140625,-1.400390625,0.6669921875
116,-4.373046875,-6.998046875,-2.595703125,0.6669921875
117,-3.251953125,-5.119140625,-2.595703125,0.6669921875
118,-3.251953125,-6.998046875,-1.400390625,0.6669921875
119,-3.251953125,-6.998046875,-2.595703125,1.1240234375
120,-3.251953125,-6.998046875,-2.595703125,0.6669921875
121,-4.123046875,-6.369140625,-1.650390625,0.7490234375
122,-3.001953125,-6.369140625,-1.650390625,0.7490234375
123,-4.123046875,-6.248046875,-1.650390625,0.7490234375
124,-4.123046875,-6.369140625,-1.845703125,0.7490234375
125,-4.123046875,-6.369140625,-1.650390625,-0.4580078125
126,-4.123046875,-6.248046875,-1.845703125,-0.4580078125
127,-3.001953125,-6.369140625,-1.845703125,-0.4580078125
128,-3.001953125,-6.248046875,-1.650390625,-0.4580078125
129,-3.001953125,-6.248046875,-1.845703125,0.7490234375
130,-3.001953125,-6.248046875,-1.845703125,-0.4580078125
131,-3.123046875,-5.369140625,-2.650390625,-0.7509765625
132,-4.001953125,-5.369140625,-2.650390625,-0.7509765625
133,-3.123046875,-5.248046875,-2.650390625,-0.7509765625
134,-3.123046875,-5.369140625,-2.845703125,-0.7509765625
135,-3.123046875,-5.369140625,-2.650390625,1.0419921875
136,-3.123046875,-5.248046875,-2.845703125,1.0419921875
137,-4.001953125,-5.369140625,-2.845703125,1.0419921875
138,-4.001953125,-5.248046875,-2.650390625,1.0419921875
139,-4.001953125,-5.248046875,-2.845703125,-0.7509765625
140,-4.001953125,-5.248046875,-2.845703125,1.0419921875
141,-3.623046875,-6.869140625,-1.150390625,1.4990234375
142,-4.501953125,-6.869140625,-1.150390625,1.4990234375
143,-3.623046875,-5.748046875,-1.150390625,1.4990234375
144,-3.623046875,-6.869140625,-1.345703125,1.4990234375
145,-3.623046875,-6.869140625,-1.150390625,1.7919921875
146,-3.623046875,-5.748046875,-1.345703125,1.7919921875
147,-4.501953125,-6.869140625,-1.345703125,1.7919921875
148,-4.501953125,-5.748046875,-1.150390625,1.7919921875
149,-4.501953125,-5.748046875,-1.345703125,1.4990234375
150,-4.501953125,-5.748046875,-1.345703125,1.7919921875
151,-4.623046875,-5.869140625,-2.150390625,-0.0009765625
152,-3.501953125,-5.869140625,-2.150390625,-0.0009765625
153,-4.623046875,-6.748046875,-2.150390625,-0.0009765625
154,-4.623046875,-5.869140625,-2.345703125,-0.0009765625
155,-4.623046875,-5.869140625,-2.150390625,0.2919921875
156,-4.623046875,-6.748046875,-2.345703125,0.2919921875
157,-3.501953125,-5.869140625,-2.345703125,0.2919921875
158,-3.501953125,-6.748046875,-2.150390625,0.2919921875
159,-3.501953125,-6.748046875,-2.345703125,-0.0009765625
160,-3.501953125,-6.748046875,-2.345703125,0.2919921875
161,-4.748046875,-6.244140625,-1.025390625,-0.9384765625
162,-4.876953125,-6.244140625,-1.025390625,-0.9384765625
163,-4.748046875,-6.873046875,-1.025390625,-0.9384765625
164,-4.748046875,-6.244140625,-1.970703125,-0.9384765625
165,-4.748046875,-6.244140625,-1.025390625,-0.2705078125
166,-4.748046875,-6.873046875,-1.970703125,-0.2705078125
167,-4.876953125,-6.244140625,-1.970703125,-0.2705078125
168,-4.876953125,-6.873046875,-1.025390625,-0.2705078125
169,-4.876953125,-6.873046875,-1.970703125,-0.9384765625
170,-4.876953125,-6.873046875,-1.970703125,-0.2705078125
171,-3.748046875,-5.244140625,-2.025390625,0.5615234375
172,-3.876953125,-5.244140625,-2.025390625,0.5615234375
173,-3.748046875,-5.873046875,-2.025390625,0.5615234375
174,-3.748046875,-5.244140625,-2.970703125,0.5615234375
175,-3.748046875,-5.244140625,-2.025390625,1.2294921875
176,-3.748046875,-5.873046875,-2.970703125,1.2294921875
177,-3.876953125,-5.244140625,-2.970703125,1.2294921875
178,-3.876953125,-5.873046875,-2.025390625,1.2294921875
179,-3.876953125,-5.873046875,-2.970703125,0.5615234375
180,-3.876953125,-5.873046875,-2.970703125,1.2294921875
181,-3.248046875,-6.744140625,-1.525390625,-0.1884765625
182,-3.376953125,-6.744140625,-1.525390625,-0.1884765625
183,-3.248046875,-5.373046875,-1.525390625,-0.1884765625
184,-3.248046875,-6.744140625,-1.470703125,-0.1884765625
185,-3.248046875,-6.744140625,-1.525390625,1.9794921875
186,-3.248046875,-5.373046875,-1.470703125,1.9794921875
187,-3.376953125,-6.744140625,-1.470703125,1.9794921875
188,-3.376953125,-5.373046875,-1.525390625,1.9794921875
189,-3.376953125,-5.373046875,-1.470703125,-0.1884765625
190,-3.376953125,-5.373046875,-1.470703125,1.9794921875
191,-4.248046875,-5.744140625,-2.525390625,1.3115234375
192,-4.376953125,-5.744140625,-2.525390625,1.3115234375
193,-4.248046875,-6.373046875,-2.525390625,1.3115234375
194,-4.248046875,-5.744140625,-2.470703125,1.3115234375
195,-4.248046875,-5.744140625,-2.525390625,0.4794921875
196,-4.248046875,-6.373046875,-2.470703125,0.4794921875
197,-4.376953125,-5.744140625,-2.470703125,0.4794921875
198,-4.376953125,-6.373046875,-2.525390625,0.4794921875
199,-4.376953125,-6.373046875,-2.470703125,1.3115234375
200,-4.376953125,-6.373046875,-2.470703125,0.4794921875
201,-4.498046875,-6.994140625,-2.275390625,1.6865234375
202,-4.126953125,-6.994140625,-2.275390625,1.6865234375
203,-4.498046875,-6.623046875,-2.275390625,1.6865234375
204,-4.498046875,-6.994140625,-1.220703125,1.6865234375
205,-4.498046875,-6.994140625,-2.275390625,1.6044921875
206,-4.498046875,-6.623046875,-1.220703125,1.6044921875
207,-4.126953125,-6.994140625,-1.220703125,1.6044921875
208,-4.126953125,-6.623046875,-2.275390625,1.6044921875
209,-4.126953125,-6.623046875,-1.220703125,1.6865234375
210,-4.126953125,-6.623046875,-1.220703125,1.6044921875
211,-3.498046875,-5.994140625,-1.275390625,0.1865234375
212,-3.126953125,-5.994140625,-1.275390625,0.1865234375
213,-3.498046875,-5.623046875,-1.275390625,0.1865234375
214,-3.498046875,-5.994140625,-2.220703125,0.1865234375
215,-3.498046875,-5.994140625,-1.275390625,0.1044921875
216,-3.498046875,-5.623046875,-2.220703125,0.1044921875
217,-3.126953125,-5.994140625,-2.220703125,0.1044921875
218,-3.126953125,-5.623046875,-1.275390625,0.1044921875
219,-3.126953125,-5.623046875,-2.220703125,0.1865234375
220,-3.126953125,-5.623046875,-2.220703125,0.1044921875
221,-3.998046875,-6.494140625,-2.775390625,0.9365234375
222,-3.626953125,-6.494140625,-2.775390625,0.9365234375
223,-3.998046875,-5.123046875,-2.775390625,0.9365234375
224,-3.998046875,-6.494140625,-1.720703125,0.9365234375
225,-3.998046875,-6.494140625,-2.775390625,-0.6455078125
226,-3.998046875,-5.123046875,-1.720703125,-0.6455078125
227,-3.626953125,-6.494140625,-1.720703125,-0.6455078125
228,-3.626953125,-5.123046875,-2.775390625,-0.6455078125
229,-3.626953125,-5.123046875,-1.720703125,0.9365234375
230,-3.626953125,-5.123046875,-1.720703125,-0.6455078125
231,-4.998046875,-5.494140625,-1.775390625,-0.5634765625
232,-4.626953125,-5.494140625,-1.775390625,-0.5634765625
233,-4.998046875,-6.123046875,-1.775390625,-0.5634765625
234,-4.998046875,-5.494140625,-2.720703125,-0.5634765625
235,-4.998046875,-5.494140625,-1.775390625,0.8544921875
236,-4.998046875,-6.123046875,-2.720703125,0.8544921875
237,-4.626953125,-5.494140625,-2.720703125,0.8544921875
238,-4.626953125,-6.123046875,-1.775390625,0.8544921875
239,-4.626953125,-6.123046875,-2.720703125,-0.5634765625
240,-4.626953125,-6.123046875,-2.720703125,0.8544921875
241,-4.9970703125,-6.2470703125,-2.1044921875,0.46044921875
242,-3.8857421875,-6.2470703125,-2.1044921875,0.46044921875
243,-4.9970703125,-5.3115234375,-2.1044921875,0.46044921875
244,-4.9970703125,-6.2470703125,-2.5166015625,0.46044921875
245,-4.9970703125,-6.2470703125,-2.1044921875,0.76220703125
246,-4.9970703125,-5.3115234375,-2.5166015625,0.76220703125
247,-3.8857421875,-6.2470703125,-2.5166015625,0.76220703125
248,-3.8857421875,-5.3115234375,-2.1044921875,0.76220703125
249,-3.8857421875,-5.3115234375,-2.5166015625,0.46044921875
250,-3.8857421875,-5.3115234375,-2.5166015625,0.76220703125
251,-3.9970703125,-5.2470703125,-1.1044921875,1.96044921875
252,-4.8857421875,-5.2470703125,-1.1044921875,1.96044921875
253,-3.9970703125,-6.3115234375,-1.1044921875,1.96044921875
254,-3.9970703125,-5.2470703125,-1.5166015625,1.96044921875
255,-3.9970703125,-5.2470703125,-1.1044921875,-0.73779296875
256,-3.9970703125,-6.3115234375,-1.5166015625,-0.73779296875
257,-4.8857421875,-5.2470703125,-1.5166015625,-0.73779296875
258,-4.8857421875,-6.3115234375,-1.1044921875,-0.73779296875
259,-4.8857421875,-6.3115234375,-1.5166015625,1.96044921875
260,-4.8857421875,-6.3115234375,-1.5166015625,-0.73779296875
261,-3.4970703125,-6.7470703125,-2.6044921875,-0.28955078125
262,-4.3857421875,-6.7470703125,-2.6044921875,-0.28955078125
263,-3.4970703125,-6.8115234375,-2.6044921875,-0.28955078125
264,-3.4970703125,-6.7470703125,-2.0166015625,-0.28955078125
265,-3.4970703125,-6.7470703125,-2.6044921875,0.01220703125
266,-3.4970703125,-6.8115234375,-2.0166015625,0.01220703125
267,-4.3857421875,-6.7470703125,-2.0166015625,0.01220703125
268,-4.3857421875,-6.8115234375,-2.6044921875,0.01220703125
269,-4.3857421875,-6.8115234375,-2.0166015625,-0.28955078125
270,-4.3857421875,-6.8115234375,-2.0166015625,0.01220703125
271,-4.4970703125,-5.7470703125,-1.6044921875,1.21044921875
272,-3.3857421875,-5.7470703125,-1.6044921875,1.21044921875
273,-4.4970703125,-5.8115234375,-1.6044921875,1.21044921875
274,-4.4970703125,-5.7470703125,-1.0166015625,1.21044921875
275,-4.4970703125,-5.7470703125,-1.6044921875,1.51220703125
276,-4.4970703125,-5.8115234375,-1.0166015625,1.51220703125
277,-3.3857421875,-5.7470703125,-1.0166015625,1.51220703125
278,-3.3857421875,-5.8115234375,-1.6044921875,1.51220703125
279,-3.3857421875,-5.8115234375,-1.0166015625,1.21044921875
280,-3.3857421875,-5.8115234375,-1.0166015625,1.51220703125
281,-4.2470703125,-6.9970703125,-1.3544921875,0.83544921875
282,-3.1357421875,-6.9970703125,-1.3544921875,0.83544921875
283,-4.2470703125,-5.0615234375,-1.3544921875,0.83544921875
284,-4.2470703125,-6.9970703125,-2.2666015625,0.83544921875
285,-4.2470703125,-6.9970703125,-1.3544921875,0.38720703125
286,-4.2470703125,-5.0615234375,-2.2666015625,0.38720703125
287,-3.1357421875,-6.9970703125,-2.2666015625,0.38720703125
288,-3.1357421875,-5.0615234375,-1.3544921875,0.38720703125
289,-3.1357421875,-5.0615234375,-2.2666015625,0.83544921875
290,-3.1357421875,-5.0615234375,-2.2666015625,0.38720703125
291,-3.2470703125,-5.9970703125,-2.3544921875,-0.66455078125
292,-4.1357421875,-5.9970703125,-2.3544921875,-0.66455078125
293,-3.2470703125,-6.0615234375,-2.3544921875,-0.66455078125
294,-3.2470703125,-5.9970703125,-1.2666015625,-0.66455078125
295,-3.2470703125,-5.9970703125,-2.3544921875,1.88720703125
296,-3.2470703125,-6.0615234375,-1.2666015625,1.88720703125
297,-4.1357421875,-5.9970703125,-1.2666015625,1.88720703125
298,-4.1357421875,-6.0615234375,-2.3544921875,1.88720703125
299,-4.1357421875,-6.0615234375,-1.2666015625,-0.66455078125
300,-4.1357421875,-6.0615234375,-1.2666015625,1.88720703125
301,-3.7470703125,-6.4970703125,-1.8544921875,1.58544921875
302,-4.6357421875,-6.4970703125,-1.8544921875,1.58544921875
303,-3.7470703125,-6.5615234375,-1.8544921875,1.58544921875
304,-3.7470703125,-6.4970703125,-2.7666015625,1.58544921875
305,-3.7470703125,-6.4970703125,-1.8544921875,1.13720703125
306,-3.7470703125,-6.5615234375,-2.7666015625,1.13720703125
307,-4.6357421875,-6.4970703125,-2.7666015625,1.13720703125
308,-4.6357421875,-6.5615234375,-1.8544921875,1.13720703125
309,-4.6357421875,-6.5615234375,-2.7666015625,1.58544921875
310,-4.6357421875,-6.5615234375,-2.7666015625,1.13720703125
311,-4.7470703125,-5.4970703125,-2.8544921875,0.08544921875
312,-3.6357421875,-5.4970703125,-2.8544921875,0.08544921875
313,-4.7470703125,-5.5615234375,-2.8544921875,0.08544921875
314,-4.7470703125,-5.4970703125,-1.7666015625,0.08544921875
315,-4.7470703125,-5.4970703125,-2.8544921875,-0.36279296875
316,-4.7470703125,-5.5615234375,-1.7666015625,-0.36279296875
317,-3.6357421875,-5.4970703125,-1.7666015625,-0.36279296875
318,-3.6357421875,-5.5615234375,-2.8544921875,-0.36279296875
319,-3.6357421875,-5.5615234375,-1.7666015625,0.08544921875
320,-3.6357421875,-5.5615234375,-1.7666015625,-0.36279296875
321,-4.6220703125,-6.6220703125,-1.9794921875,-0.85205078125
322,-4.7607421875,-6.6220703125,-1.9794921875,-0.85205078125
323,-4.6220703125,-5.9365234375,-1.9794921875,-0.85205078125
324,-4.6220703125,-6.6220703125,-2.3916015625,-0.85205078125
325,-4.6220703125,-6.6220703125,-1.9794921875,0.19970703125
326,-4.6220703125,-5.9365234375,-2.3916015625,0.19970703125
327,-4.7607421875,-6.6220703125,-2.3916015625,0.19970703125
328,-4.7607421875,-5.9365234375,-1.9794921875,0.19970703125
329,-4.7607421875,-5.9365234375,-2.3916015625,-0.85205078125
330,-4.7607421875,-5.9365234375,-2.3916015625,0.19970703125
331,-3.6220703125,-5.6220703125,-2.9794921875,0.64794921875
332,-3.7607421875,-5.6220703125,-2.9794921875,0.64794921875
333,-3.6220703125,-6.9365234375,-2.9794921875,0.64794921875
334,-3.6220703125,-5.6220703125,-1.3916015625,0.64794921875
335,-3.6220703125,-5.6220703125,-2.9794921875,1.69970703125
336,-3.6220703125,-6.9365234375,-1.3916015625,1.69970703125
337,-3.7607421875,-5.6220703125,-1.3916015625,1.69970703125
338,-3.7607421875,-6.9365234375,-2.9794921875,1.69970703125
339,-3.7607421875,-6.9365234375,-1.3916015625,0.64794921875
340,-3.7607421875,-6.9365234375,-1.3916015625,1.69970703125
341,-3.1220703125,-6.1220703125,-1.4794921875,-0.10205078125
342,-3.2607421875,-6.1220703125,-1.4794921875,-0.10205078125
343,-3.1220703125,-6.4365234375,-1.4794921875,-0.10205078125
344,-3.1220703125,-6.1220703125,-2.8916015625,-0.10205078125
345,-3.1220703125,-6.1220703125,-1.4794921875,0.94970703125
346,-3.1220703125,-6.4365234375,-2.8916015625,0.94970703125
347,-3.2607421875,-6.1220703125,-2.8916015625,0.94970703125
348,-3.2607421875,-6.4365234375,-1.4794921875,0.94970703125
349,-3.2607421875,-6.4365234375,-2.8916015625,-0.10205078125
350,-3.2607421875,-6.4365234375,-2.8916015625,0.94970703125
351,-4.1220703125,-5.1220703125,-2.4794921875,1.39794921875
352,-4.2607421875,-5.1220703125,-2.4794921875,1.39794921875
353,-4.1220703125,-5.4365234375,-2.4794921875,1.39794921875
354,-4.1220703125,-5.1220703125,-1.8916015625,1.39794921875
355,-4.1220703125,-5.1220703125,-2.4794921875,-0.55029296875
356,-4.1220703125,-5.4365234375,-1.8916015625,-0.55029296875
357,-4.2607421875,-5.1220703125,-1.8916015625,-0.55029296875
358,-4.2607421875,-5.4365234375,-2.4794921875,-0.55029296875
359,-4.2607421875,-5.4365234375,-1.8916015625,1.39794921875
360,-4.2607421875,-5.4365234375,-1.8916015625,-0.55029296875
361,-4.3720703125,-6.3720703125,-2.7294921875,1.77294921875
362,-4.0107421875,-6.3720703125,-2.7294921875,1.77294921875
363,-4.3720703125,-5.6865234375,-2.7294921875,1.77294921875
364,-4.3720703125,-6.3720703125,-2.6416015625,1.77294921875
365,-4.3720703125,-6.3720703125,-2.7294921875,0.57470703125
366,-4.3720703125,-5.6865234375,-2.6416015625,0.57470703125
367,-4.0107421875,-6.3720703125,-2.6416015625,0.57470703125
368,-4.0107421875,-5.6865234375,-2.7294921875,0.57470703125
369,-4.0107421875,-5.6865234375,-2.6416015625,1.77294921875
370,-4.0107421875,-5.6865234375,-2.6416015625,0.57470703125
371,-3.3720703125,-5.3720703125,-1.7294921875,0.27294921875
372,-3.0107421875,-5.3720703125,-1.7294921875,0.27294921875
373,-3.3720703125,-6.6865234375,-1.7294921875,0.27294921875
374,-3.3720703125,-5.3720703125,-1.6416015625,0.27294921875
375,-3.3720703125,-5.3720703125,-1.7294921875,-0.92529296875
376,-3.3720703125,-6.6865234375,-1.6416015625,-0.92529296875
377,-3.0107421875,-5.3720703125,-1.6416015625,-0.92529296875
378,-3.0107421875,-6.6865234375,-1.7294921875,-0.92529296875
379,-3.0107421875,-6.6865234375,-1.6416015625,0.27294921875
380,-3.0107421875,-6.6865234375,-1.6416015625,-0.92529296875
381,-3.8720703125,-6.8720703125,-2.2294921875,1.02294921875
382,-3.5107421875,-6.8720703125,-2.2294921875,1.02294921875
383,-3.8720703125,-6.1865234375,-2.2294921875,1.02294921875
384,-3.8720703125,-6.8720703125,-2.1416015625,1.02294921875
385,-3.8720703125,-6.8720703125,-2.2294921875,-0.17529296875
386,-3.8720703125,-6.1865234375,-2.1416015625,-0.17529296875
387,-3.5107421875,-6.8720703125,-2.1416015625,-0.17529296875
388,-3.5107421875,-6.1865234375,-2.2294921875,-0.17529296875
389,-3.5107421875,-6.1865234375,-2.1416015625,1.02294921875
390,-3.5107421875,-6.1865234375,-2.1416015625,-0.17529296875
391,-4.8720703125,-5.8720703125,-1.2294921875,-0.47705078125
392,-4.5107421875,-5.8720703125,-1.2294921875,-0.47705078125
393,-4.8720703125,-5.1865234375,-1.2294921875,-0.47705078125
394,-4.8720703125,-5.8720703125,-1.1416015625,-0.47705078125
395,-4.8720703125,-5.8720703125,-1.2294921875,1.32470703125
396,-4.8720703125,-5.1865234375,-1.1416015625,1.32470703125
397,-4.5107421875,-5.8720703125,-1.1416015625,1.32470703125
398,-4.5107421875,-5.1865234375,-1.2294921875,1.32470703125
399,-4.5107421875,-5.1865234375,-1.1416015625,-0.47705078125
400,-4.5107421875,-5.1865234375,-1.1416015625,1.32470703125
401,-4.8095703125,-6.8095703125,-2.9169921875,1.49169921875
402,-3.4482421875,-6.8095703125,-2.9169921875,1.49169921875
403,-4.8095703125,-6.7490234375,-2.9169921875,1.49169921875
404,-4.8095703125,-6.8095703125,-1.5791015625,1.49169921875
405,-4.8095703125,-6.8095703125,-2.9169921875,-0.08154296875
406,-4.8095703125,-6.7490234375,-1.5791015625,-0.08154296875
407,-3.4482421875,-6.8095703125,-1.5791015625,-0.08154296875
408,-3.4482421875,-6.7490234375,-2.9169921875,-0.08154296875
409,-3.4482421875,-6.7490234375,-1.5791015625,1.49169921875
410,-3.4482421875,-6.7490234375,-1.5791015625,-0.08154296875
411,-3.8095703125,-5.8095703125,-1.9169921875,-0.00830078125
412,-4.4482421875,-5.8095703125,-1.9169921875,-0.00830078125
413,-3.8095703125,-5.7490234375,-1.9169921875,-0.00830078125
414,-3.8095703125,-5.8095703125,-2.5791015625,-0.00830078125
415,-3.8095703125,-5.8095703125,-1.9169921875,1.41845703125
416,-3.8095703125,-5.7490234375,-2.5791015625,1.41845703125
417,-4.4482421875,-5.8095703125,-2.5791015625,1.41845703125
418,-4.4482421875,-5.7490234375,-1.9169921875,1.41845703125
419,-4.4482421875,-5.7490234375,-2.5791015625,-0.00830078125
420,-4.4482421875,-5.7490234375,-2.5791015625,1.41845703125
421,-3.3095703125,-6.3095703125,-2.4169921875,0.74169921875
422,-4.9482421875,-6.3095703125,-2.4169921875,0.74169921875
423,-3.3095703125,-5.2490234375,-2.4169921875,0.74169921875
424,-3.3095703125,-6.3095703125,-1.0791015625,0.74169921875
425,-3.3095703125,-6.3095703125,-2.4169921875,0.66845703125
426,-3.3095703125,-5.2490234375,-1.0791015625,0.66845703125
427,-4.9482421875,-6.3095703125,-1.0791015625,0.66845703125
428,-4.9482421875,-5.2490234375,-2.4169921875,0.66845703125
429,-4.9482421875,-5.2490234375,-1.0791015625,0.74169921875
430,-4.9482421875,-5.2490234375,-1.0791015625,0.66845703125
431,-4.3095703125,-5.3095703125,-1.4169921875,-0.75830078125
432,-3.9482421875,-5.3095703125,-1.4169921875,-0.75830078125
433,-4.3095703125,-6.2490234375,-1.4169921875,-0.75830078125
434,-4.3095703125,-5.3095703125,-2.0791015625,-0.75830078125
435,-4.3095703125,-5.3095703125,-1.4169921875,-0.83154296875
436,-4.3095703125,-6.2490234375,-2.0791015625,-0.83154296875
437,-3.9482421875,-5.3095703125,-2.0791015625,-0.83154296875
438,-3.9482421875,-6.2490234375,-1.4169921875,-0.83154296875
439,-3.9482421875,-6.2490234375,-2.0791015625,-0.75830078125
440,-3.9482421875,-6.2490234375,-2.0791015625,-0.83154296875
441,-4.0595703125,-6.0595703125,-1.6669921875,-0.38330078125
442,-3.6982421875,-6.0595703125,-1.6669921875,-0.38330078125
443,-4.0595703125,-6.9990234375,-1.6669921875,-0.38330078125
444,-4.0595703125,-6.0595703125,-1.3291015625,-0.38330078125
445,-4.0595703125,-6.0595703125,-1.6669921875,1.04345703125
446,-4.0595703125,-6.9990234375,-1.3291015625,1.04345703125
447,-3.6982421875,-6.0595703125,-1.3291015625,1.04345703125
448,-3.6982421875,-6.9990234375,-1.6669921875,1.04345703125
449,-3.6982421875,-6.9990234375,-1.3291015625,-0.38330078125
450,-3.6982421875,-6.9990234375,-1.3291015625,1.04345703125
451,-3.0595703125,-5.0595703125,-2.6669921875,1.11669921875
452,-4.6982421875,-5.0595703125,-2.6669921875,1.11669921875
453,-3.0595703125,-5.9990234375,-2.6669921875,1.11669921875
454,-3.0595703125,-5.0595703125,-2.3291015625,1.11669921875
455,-3.0595703125,-5.0595703125,-2.6669921875,-0.45654296875
456,-3.0595703125,-5.9990234375,-2.3291015625,-0.45654296875
457,-4.6982421875,-5.0595703125,-2.3291015625,-0.45654296875
458,-4.6982421875,-5.9990234375,-2.6669921875,-0.45654296875
459,-4.6982421875,-5.9990234375,-2.3291015625,1.11669921875
460,-4.6982421875,-5.9990234375,-2.3291015625,-0.45654296875
461,-3.5595703125,-6.5595703125,-1.1669921875,0.36669921875
462,-4.1982421875,-6.5595703125,-1.1669921875,0.36669921875
463,-3.5595703125,-5.4990234375,-1.1669921875,0.36669921875
464,-3.5595703125,-6.5595703125,-1.8291015625,0.36669921875
465,-3.5595703125,-6.5595703125,-1.1669921875,0.29345703125
466,-3.5595703125,-5.4990234375,-1.8291015625,0.29345703125
467,-4.1982421875,-6.5595703125,-1.8291015625,0.29345703125
468,-4.1982421875,-5.4990234375,-1.1669921875,0.29345703125
469,-4.1982421875,-5.4990234375,-1.8291015625,0.36669921875
470,-4.1982421875,-5.4990234375,-1.8291015625,0.29345703125
471,-4.5595703125,-5.5595703125,-2.1669921875,1.86669921875
472,-3.1982421875,-5.5595703125,-2.1669921875,1.86669921875
473,-4.5595703125,-6.4990234375,-2.1669921875,1.86669921875
474,-4.5595703125,-5.5595703125,-2.8291015625,1.86669921875
475,-4.5595703125,-5.5595703125,-2.1669921875,1.79345703125
476,-4.5595703125,-6.4990234375,-2.8291015625,1.79345703125
477,-3.1982421875,-5.5595703125,-2.8291015625,1.79345703125
478,-3.1982421875,-6.4990234375,-2.1669921875,1.79345703125
479,-3.1982421875,-6.4990234375,-2.8291015625,1.86669921875
480,-3.1982421875,-6.4990234375,-2.8291015625,1.79345703125
481,-4.6845703125,-6.4345703125,-1.0419921875,0.92919921875
482,-4.3232421875,-6.4345703125,-1.0419921875,0.92919921875
483,-4.6845703125,-6.1240234375,-1.0419921875,0.92919921875
484,-4.6845703125,-6.4345703125,-1.4541015625,0.92919921875
485,-4.6845703125,-6.4345703125,-1.0419921875,1.23095703125
486,-4.6845703125,-6.1240234375,-1.4541015625,1.23095703125
487,-4.3232421875,-6.4345703125,-1.4541015625,1.23095703125
488,-4.3232421875,-6.1240234375,-1.0419921875,1.23095703125
489,-4.3232421875,-6.1240234375,-1.4541015625,0.92919921875
490,-4.3232421875,-6.1240234375,-1.4541015625,1.23095703125
491,-3.6845703125,-5.4345703125,-2.0419921875,-0.57080078125
492,-3.3232421875,-5.4345703125,-2.0419921875,-0.57080078125
493,-3.6845703125,-5.1240234375,-2.0419921875,-0.57080078125
494,-3.6845703125,-5.4345703125,-2.4541015625,-0.57080078125
495,-3.6845703125,-5.4345703125,-2.0419921875,-0.26904296875
496,-3.6845703125,-5.1240234375,-2.4541015625,-0.26904296875
497,-3.3232421875,-5.4345703125,-2.4541015625,-0.26904296875
498,-3.3232421875,-5.1240234375,-2.0419921875,-0.26904296875
499,-3.3232421875,-5.1240234375,-2.4541015625,-0.57080078125
500,-3.3232421875,-5.1240234375,-2.4541015625,-0.26904296875
501,-3.1845703125,-6.9345703125,-1.5419921875,1.67919921875
502,-3.8232421875,-6.9345703125,-1.5419921875,1.67919921875
503,-3.1845703125,-5.6240234375,-1.5419921875,1.67919921875
504,-3.1845703125,-6.9345703125,-1.9541015625,1.67919921875
505,-3.1845703125,-6.9345703125,-1.5419921875,0.48095703125
506,-3.1845703125,-5.6240234375,-1.9541015625,0.48095703125
507,-3.8232421875,-6.9345703125,-1.9541015625,0.48095703125
508,-3.8232421875,-5.6240234375,-1.5419921875,0.48095703125
509,-3.8232421875,-5.6240234375,-1.9541015625,1.67919921875
510,-3.8232421875,-5.6240234375,-1.9541015625,0.48095703125
511,-4.1845703125,-5.9345703125,-2.5419921875,0.17919921875
512,-4.8232421875,-5.9345703125,-2.5419921875,0.17919921875
513,-4.1845703125,-6.6240234375,-2.5419921875,0.17919921875
514,-4.1845703125,-5.9345703125,-2.9541015625,0.17919921875
515,-4.1845703125,-5.9345703125,-2.5419921875,1.98095703125
516,-4.1845703125,-6.6240234375,-2.9541015625,1.98095703125
517,-4.8232421875,-5.9345703125,-2.9541015625,1.98095703125
518,-4.8232421875,-6.6240234375,-2.5419921875,1.98095703125
519,-4.8232421875,-6.6240234375,-2.9541015625,0.17919921875
520,-4.8232421875,-6.6240234375,-2.9541015625,1.98095703125
521,-4.4345703125,-6.6845703125,-2.2919921875,-0.19580078125
522,-4.5732421875,-6.6845703125,-2.2919921875,-0.19580078125
523,-4.4345703125,-6.3740234375,-2.2919921875,-0.19580078125
524,-4.4345703125,-6.6845703125,-1.7041015625,-0.19580078125
525,-4.4345703125,-6.6845703125,-2.2919921875,0.10595703125
526,-4.4345703125,-6.3740234375,-1.7041015625,0.10595703125
527,-4.5732421875,-6.6845703125,-1.7041015625,0.10595703125
528,-4.5732421875,-6.3740234375,-2.2919921875,0.10595703125
529,-4.5732421875,-6.3740234375,-1.7041015625,-0.19580078125
530,-4.5732421875,-6.3740234375,-1.7041015625,0.10595703125
531,-3.4345703125,-5.6845703125,-1.2919921875,1.30419921875
532,-3.5732421875,-5.6845703125,-1.2919921875,1.30419921875
533,-3.4345703125,-5.3740234375,-1.2919921875,1.30419921875
534,-3.4345703125,-5.6845703125,-2.7041015625,1.30419921875
535,-3.4345703125,-5.6845703125,-1.2919921875,1.60595703125
536,-3.4345703125,-5.3740234375,-2.7041015625,1.60595703125
537,-3.5732421875,-5.6845703125,-2.7041015625,1.60595703125
538,-3.5732421875,-5.3740234375,-1.2919921875,1.60595703125
539,-3.5732421875,-5.3740234375,-2.7041015625,1.30419921875
540,-3.5732421875,-5.3740234375,-2.7041015625,1.60595703125
541,-3.9345703125,-6.1845703125,-2.7919921875,-0.94580078125
542,-3.0732421875,-6.1845703125,-2.7919921875,-0.94580078125
543,-3.9345703125,-5.8740234375,-2.7919921875,-0.94580078125
544,-3.9345703125,-6.1845703125,-1.2041015625,-0.94580078125
545,-3.9345703125,-6.1845703125,-2.7919921875,0.85595703125
546,-3.9345703125,-5.8740234375,-1.2041015625,0.85595703125
547,-3.0732421875,-6.1845703125,-1.2041015625,0.85595703125
548,-3.0732421875,-5.8740234375,-2.7919921875,0.85595703125
549,-3.0732421875,-5.8740234375,-1.2041015625,-0.94580078125
550,-3.0732421875,-5.8740234375,-1.2041015625,0.85595703125
551,-4.9345703125,-5.1845703125,-1.7919921875,0.55419921875
552,-4.0732421875,-5.1845703125,-1.7919921875,0.55419921875
553,-4.9345703125,-6.8740234375,-1.7919921875,0.55419921875
554,-4.9345703125,-5.1845703125,-2.2041015625,0.55419921875
555,-4.9345703125,-5.1845703125,-1.7919921875,-0.64404296875
556,-4.9345703125,-6.8740234375,-2.2041015625,-0.64404296875
557,-4.0732421875,-5.1845703125,-2.2041015625,-0.64404296875
558,-4.0732421875,-6.8740234375,-1.7919921875,-0.64404296875
559,-4.0732421875,-6.8740234375,-2.2041015625,0.55419921875
560,-4.0732421875,-6.8740234375,-2.2041015625,-0.64404296875
561,-4.9033203125,-6.7158203125,-1.4482421875,1.81982421875
562,-3.6669921875,-6.7158203125,-1.4482421875,1.81982421875
563,-4.9033203125,-6.5927734375,-1.4482421875,1.81982421875
564,-4.9033203125,-6.7158203125,-1.1103515625,1.81982421875
565,-4.9033203125,-6.7158203125,-1.4482421875,-0.31591796875
566,-4.9033203125,-6.5927734375,-1.1103515625,-0.31591796875
567,-3.6669921875,-6.7158203125,-1.1103515625,-0.31591796875
568,-3.6669921875,-6.5927734375,-1.4482421875,-0.31591796875
569,-3.6669921875,-6.5927734375,-1.1103515625,1.81982421875
570,-3.6669921875,-6.5927734375,-1.1103515625,-0.31591796875
571,-3.9033203125,-5.7158203125,-2.4482421875,0.31982421875
572,-4.6669921875,-5.7158203125,-2.4482421875,0.31982421875
573,-3.9033203125,-5.5927734375,-2.4482421875,0.31982421875
574,-3.9033203125,-5.7158203125,-2.1103515625,0.31982421875
575,-3.9033203125,-5.7158203125,-2.4482421875,1.18408203125
576,-3.9033203125,-5.5927734375,-2.1103515625,1.18408203125
577,-4.6669921875,-5.7158203125,-2.1103515625,1.18408203125
578,-4.6669921875,-5.5927734375,-2.4482421875,1.18408203125
579,-4.6669921875,-5.5927734375,-2.1103515625,0.31982421875
580,-4.6669921875,-5.5927734375,-2.1103515625,1.18408203125
581,-3.4033203125,-6.2158203125,-1.9482421875,1.06982421875
582,-4.1669921875,-6.2158203125,-1.9482421875,1.06982421875
583,-3.4033203125,-5.0927734375,-1.9482421875,1.06982421875
584,-3.4033203125,-6.2158203125,-1.6103515625,1.06982421875
585,-3.4033203125,-6.2158203125,-1.9482421875,1.93408203125
586,-3.4033203125,-5.0927734375,-1.6103515625,1.93408203125
587,-4.1669921875,-6.2158203125,-1.6103515625,1.93408203125
588,-4.1669921875,-5.0927734375,-1.9482421875,1.93408203125
589,-4.1669921875,-5.0927734375,-1.6103515625,1.06982421875
590,-4.1669921875,-5.0927734375,-1.6103515625,1.93408203125
591,-4.4033203125,-5.2158203125,-2.9482421875,-0.43017578125
592,-3.1669921875,-5.2158203125,-2.9482421875,-0.43017578125
593,-4.4033203125,-6.0927734375,-2.9482421875,-0.43017578125
594,-4.4033203125,-5.2158203125,-2.6103515625,-0.43017578125
595,-4.4033203125,-5.2158203125,-2.9482421875,0.43408203125
596,-4.4033203125,-6.0927734375,-2.6103515625,0.43408203125
597,-3.1669921875,-5.2158203125,-2.6103515625,0.43408203125
598,-3.1669921875,-6.0927734375,-2.9482421875,0.43408203125
599,-3.1669921875,-6.0927734375,-2.6103515625,-0.43017578125
600,-3.1669921875,-6.0927734375,-2.6103515625,0.43408203125
601,-4.1533203125,-6.4658203125,-2.1982421875,-0.80517578125
602,-3.4169921875,-6.4658203125,-2.1982421875,-0.80517578125
603,-4.1533203125,-6.8427734375,-2.1982421875,-0.80517578125
604,-4.1533203125,-6.4658203125,-1.8603515625,-0.80517578125
605,-4.1533203125,-6.4658203125,-2.1982421875,1.55908203125
606,-4.1533203125,-6.8427734375,-1.8603515625,1.55908203125
607,-3.4169921875,-6.4658203125,-1.8603515625,1.55908203125
608,-3.4169921875,-6.8427734375,-2.1982421875,1.55908203125
609,-3.4169921875,-6.8427734375,-1.8603515625,-0.80517578125
610,-3.4169921875,-6.8427734375,-1.8603515625,1.55908203125
611,-3.1533203125,-5.4658203125,-1.1982421875,0.69482421875
612,-4.4169921875,-5.4658203125,-1.1982421875,0.69482421875
613,-3.1533203125,-5.8427734375,-1.1982421875,0.69482421875
614,-3.1533203125,-5.4658203125,-2.8603515625,0.69482421875
615,-3.1533203125,-5.4658203125,-1.1982421875,0.05908203125
616,-3.1533203125,-5.8427734375,-2.8603515625,0.05908203125
617,-4.4169921875,-5.4658203125,-2.8603515625,0.05908203125
618,-4.4169921875,-5.8427734375,-1.1982421875,0.05908203125
619,-4.4169921875,-5.8427734375,-2.8603515625,0.69482421875
620,-4.4169921875,-5.8427734375,-2.8603515625,0.05908203125
621,-3.6533203125,-6.9658203125,-2.6982421875,-0.05517578125
622,-4.9169921875,-6.9658203125,-2.6982421875,-0.05517578125
623,-3.6533203125,-5.3427734375,-2.6982421875,-0.05517578125
624,-3.6533203125,-6.9658203125,-1.3603515625,-0.05517578125
625,-3.6533203125,-6.9658203125,-2.6982421875,-0.69091796875
626,-3.6533203125,-5.3427734375,-1.3603515625,-0.69091796875
627,-4.9169921875,-6.9658203125,-1.3603515625,-0.69091796875
628,-4.9169921875,-5.3427734375,-2.6982421875,-0.69091796875
629,-4.9169921875,-5.3427734375,-1.3603515625,-0.05517578125
630,-4.9169921875,-5.3427734375,-1.3603515625,-0.69091796875
631,-4.6533203125,-5.9658203125,-1.6982421875,1.44482421875
632,-3.9169921875,-5.9658203125,-1.6982421875,1.44482421875
633,-4.6533203125,-6.3427734375,-1.6982421875,1.44482421875
634,-4.6533203125,-5.9658203125,-2.3603515625,1.44482421875
635,-4.6533203125,-5.9658203125,-1.6982421875,0.80908203125
636,-4.6533203125,-6.3427734375,-2.3603515625,0.80908203125
637,-3.9169921875,-5.9658203125,-2.3603515625,0.80908203125
638,-3.9169921875,-6.3427734375,-1.6982421875,0.80908203125
639,-3.9169921875,-6.3427734375,-2.3603515625,1.44482421875
640,-3.9169921875,-6.3427734375,-2.3603515625,0.80908203125
641,-4.5283203125,-6.0908203125,-2.5732421875,0.50732421875
642,-4.5419921875,-6.0908203125,-2.5732421875,0.50732421875
643,-4.5283203125,-6.2177734375,-2.5732421875,0.50732421875
644,-4.5283203125,-6.0908203125,-1.9853515625,0.50732421875
645,-4.5283203125,-6.0908203125,-2.5732421875,1.37158203125
646,-4.5283203125,-6.2177734375,-1.9853515625,1.37158203125
647,-4.5419921875,-6.0908203125,-1.9853515625,1.37158203125
648,-4.5419921875,-6.2177734375,-2.5732421875,1.37158203125
649,-4.5419921875,-6.2177734375,-1.9853515625,0.50732421875
650,-4.5419921875,-6.2177734375,-1.9853515625,1.37158203125
651,-3.5283203125,-5.0908203125,-1.5732421875,-0.99267578125
652,-3.5419921875,-5.0908203125,-1.5732421875,-0.99267578125
653,-3.5283203125,-5.2177734375,-1.5732421875,-0.99267578125
654,-3.5283203125,-5.0908203125,-2.9853515625,-0.99267578125
655,-3.5283203125,-5.0908203125,-1.5732421875,-0.12841796875
656,-3.5283203125,-5.2177734375,-2.9853515625,-0.12841796875
657,-3.5419921875,-5.0908203125,-2.9853515625,-0.12841796875
658,-3.5419921875,-5.2177734375,-1.5732421875,-0.12841796875
659,-3.5419921875,-5.2177734375,-2.9853515625,-0.99267578125
660,-3.5419921875,-5.2177734375,-2.9853515625,-0.12841796875
661,-3.0283203125,-6.5908203125,-2.0732421875,1.25732421875
662,-3.0419921875,-6.5908203125,-2.0732421875,1.25732421875
663,-3.0283203125,-5.7177734375,-2.0732421875,1.25732421875
664,-3.0283203125,-6.5908203125,-1.4853515625,1.25732421875
665,-3.0283203125,-6.5908203125,-2.0732421875,-0.87841796875
666,-3.0283203125,-5.7177734375,-1.4853515625,-0.87841796875
667,-3.0419921875,-6.5908203125,-1.4853515625,-0.87841796875
668,-3.0419921875,-5.7177734375,-2.0732421875,-0.87841796875
669,-3.0419921875,-5.7177734375,-1.4853515625,1.25732421875
670,-3.0419921875,-5.7177734375,-1.4853515625,-0.87841796875
671,-4.0283203125,-5.5908203125,-1.0732421875,-0.24267578125
672,-4.0419921875,-5.5908203125,-1.0732421875,-0.24267578125
673,-4.0283203125,-6.7177734375,-1.0732421875,-0.24267578125
674,-4.0283203125,-5.5908203125,-2.4853515625,-0.24267578125
675,-4.0283203125,-5.5908203125,-1.0732421875,0.62158203125
676,-4.0283203125,-6.7177734375,-2.4853515625,0.62158203125
677,-4.0419921875,-5.5908203125,-2.4853515625,0.62158203125
678,-4.0419921875,-6.7177734375,-1.0732421875,0.62158203125
679,-4.0419921875,-6.7177734375,-2.4853515625,-0.24267578125
680,-4.0419921875,-6.7177734375,-2.4853515625,0.62158203125
681,-4.2783203125,-6.8408203125,-1.8232421875,0.13232421875
682,-4.2919921875,-6.8408203125,-1.8232421875,0.13232421875
683,-4.2783203125,-6.4677734375,-1.8232421875,0.13232421875
684,-4.2783203125,-6.8408203125,-1.2353515625,0.13232421875
685,-4.2783203125,-6.8408203125,-1.8232421875,-0.50341796875
686,-4.2783203125,-6.4677734375,-1.2353515625,-0.50341796875
687,-4.2919921875,-6.8408203125,-1.2353515625,-0.50341796875
688,-4.2919921875,-6.4677734375,-1.8232421875,-0.50341796875
689,-4.2919921875,-6.4677734375,-1.2353515625,0.13232421875
690,-4.2919921875,-6.4677734375,-1.2353515625,-0.50341796875
691,-3.2783203125,-5.8408203125,-2.8232421875,1.63232421875
692,-3.2919921875,-5.8408203125,-2.8232421875,1.63232421875
693,-3.2783203125,-5.4677734375,-2.8232421875,1.63232421875
694,-3.2783203125,-5.8408203125,-2.2353515625,1.63232421875
695,-3.2783203125,-5.8408203125,-2.8232421875,0.99658203125
696,-3.2783203125,-5.4677734375,-2.2353515625,0.99658203125
697,-3.2919921875,-5.8408203125,-2.2353515625,0.99658203125
698,-3.2919921875,-5.4677734375,-2.8232421875,0.99658203125
699,-3.2919921875,-5.4677734375,-2.2353515625,1.63232421875
700,-3.2919921875,-5.4677734375,-2.2353515625,0.99658203125
701,-3.7783203125,-6.3408203125,-1.3232421875,-0.61767578125
702,-3.7919921875,-6.3408203125,-1.3232421875,-0.61767578125
703,-3.7783203125,-5.9677734375,-1.3232421875,-0.61767578125
704,-3.7783203125,-6.3408203125,-1.7353515625,-0.61767578125
705,-3.7783203125,-6.3408203125,-1.3232421875,1.74658203125
706,-3.7783203125,-5.9677734375,-1.7353515625,1.74658203125
707,-3.7919921875,-6.3408203125,-1.7353515625,1.74658203125
708,-3.7919921875,-5.9677734375,-1.3232421875,1.74658203125
709,-3.7919921875,-5.9677734375,-1.7353515625,-0.61767578125
710,-3.7919921875,-5.9677734375,-1.7353515625,1.74658203125
711,-4.7783203125,-5.3408203125,-2.3232421875,0.88232421875
712,-4.7919921875,-5.3408203125,-2.3232421875,0.88232421875
713,-4.7783203125,-6.9677734375,-2.3232421875,0.88232421875
714,-4.7783203125,-5.3408203125,-2.7353515625,0.88232421875
715,-4.7783203125,-5.3408203125,-2.3232421875,0.24658203125
716,-4.7783203125,-6.9677734375,-2.7353515625,0.24658203125
717,-4.7919921875,-5.3408203125,-2.7353515625,0.24658203125
718,-4.7919921875,-6.9677734375,-2.3232421875,0.24658203125
719,-4.7919921875,-6.9677734375,-2.7353515625,0.88232421875
720,-4.7919921875,-6.9677734375,-2.7353515625,0.24658203125
721,-4.8408203125,-6.2783203125,-1.5107421875,0.03857421875
722,-3.2294921875,-6.2783203125,-1.5107421875,0.03857421875
723,-4.8408203125,-5.4052734375,-1.5107421875,0.03857421875
724,-4.8408203125,-6.2783203125,-2.0478515625,0.03857421875
725,-4.8408203125,-6.2783203125,-1.5107421875,1.65283203125
726,-4.8408203125,-5.4052734375,-2.0478515625,1.65283203125
727,-3.2294921875,-6.2783203125,-2.0478515625,1.65283203125
728,-3.2294921875,-5.4052734375,-1.5107421875,1.65283203125
729,-3.2294921875,-5.4052734375,-2.0478515625,0.03857421875
730,-3.2294921875,-5.4052734375,-2.0478515625,1.65283203125
731,-3.8408203125,-5.2783203125,-2.5107421875,1.53857421875
732,-4.2294921875,-5.2783203125,-2.5107421875,1.53857421875
733,-3.8408203125,-6.4052734375,-2.5107421875,1.53857421875
734,-3.8408203125,-5.2783203125,-1.0478515625,1.53857421875
735,-3.8408203125,-5.2783203125,-2.5107421875,0.15283203125
736,-3.8408203125,-6.4052734375,-1.0478515625,0.15283203125
737,-4.2294921875,-5.2783203125,-1.0478515625,0.15283203125
738,-4.2294921875,-6.4052734375,-2.5107421875,0.15283203125
739,-4.2294921875,-6.4052734375,-1.0478515625,1.53857421875
740,-4.2294921875,-6.4052734375,-1.0478515625,0.15283203125
741,-3.3408203125,-6.7783203125,-1.0107421875,-0.71142578125
742,-4.7294921875,-6.7783203125,-1.0107421875,-0.71142578125
743,-3.3408203125,-6.9052734375,-1.0107421875,-0.71142578125
744,-3.3408203125,-6.7783203125,-2.5478515625,-0.71142578125
745,-3.3408203125,-6.7783203125,-1.0107421875,-0.59716796875
746,-3.3408203125,-6.9052734375,-2.5478515625,-0.59716796875
747,-4.7294921875,-6.7783203125,-2.5478515625,-0.59716796875
748,-4.7294921875,-6.9052734375,-1.0107421875,-0.59716796875
749,-4.7294921875,-6.9052734375,-2.5478515625,-0.71142578125
750,-4.7294921875,-6.9052734375,-2.5478515625,-0.59716796875
751,-4.3408203125,-5.7783203125,-2.0107421875,0.78857421875
752,-3.7294921875,-5.7783203125,-2.0107421875,0.78857421875
753,-4.3408203125,-5.9052734375,-2.0107421875,0.78857421875
754,-4.3408203125,-5.7783203125,-1.5478515625,0.78857421875
755,-4.3408203125,-5.7783203125,-2.0107421875,0.90283203125
756,-4.3408203125,-5.9052734375,-1.5478515625,0.90283203125
757,-3.7294921875,-5.7783203125,-1.5478515625,0.90283203125
758,-3.7294921875,-5.9052734375,-2.0107421875,0.90283203125
759,-3.7294921875,-5.9052734375,-1.5478515625,0.78857421875
760,-3.7294921875,-5.9052734375,-1.5478515625,0.90283203125
761,-4.0908203125,-6.5283203125,-2.7607421875,1.16357421875
762,-3.9794921875,-6.5283203125,-2.7607421875,1.16357421875
763,-4.0908203125,-5.1552734375,-2.7607421875,1.16357421875
764,-4.0908203125,-6.5283203125,-2.7978515625,1.16357421875
765,-4.0908203125,-6.5283203125,-2.7607421875,-0.97216796875
766,-4.0908203125,-5.1552734375,-2.7978515625,-0.97216796875
767,-3.9794921875,-6.5283203125,-2.7978515625,-0.97216796875
768,-3.9794921875,-5.1552734375,-2.7607421875,-0.97216796875
769,-3.9794921875,-5.1552734375,-2.7978515625,1.16357421875
770,-3.9794921875,-5.1552734375,-2.7978515625,-0.97216796875
771,-3.0908203125,-5.5283203125,-1.7607421875,-0.33642578125
772,-4.9794921875,-5.5283203125,-1.7607421875,-0.33642578125
773,-3.0908203125,-6.1552734375,-1.7607421875,-0.33642578125
774,-3.0908203125,-5.5283203125,-1.7978515625,-0.33642578125
775,-3.0908203125,-5.5283203125,-1.7607421875,0.52783203125
776,-3.0908203125,-6.1552734375,-1.7978515625,0.52783203125
777,-4.9794921875,-5.5283203125,-1.7978515625,0.52783203125
778,-4.9794921875,-6.1552734375,-1.7607421875,0.52783203125
779,-4.9794921875,-6.1552734375,-1.7978515625,-0.33642578125
780,-4.9794921875,-6.1552734375,-1.7978515625,0.52783203125
781,-3.5908203125,-6.0283203125,-2.2607421875,1.91357421875
782,-4.4794921875,-6.0283203125,-2.2607421875,1.91357421875
783,-3.5908203125,-6.6552734375,-2.2607421875,1.91357421875
784,-3.5908203125,-6.0283203125,-2.2978515625,1.91357421875
785,-3.5908203125,-6.0283203125,-2.2607421875,1.27783203125
786,-3.5908203125,-6.6552734375,-2.2978515625,1.27783203125
787,-4.4794921875,-6.0283203125,-2.2978515625,1.27783203125
788,-4.4794921875,-6.6552734375,-2.2607421875,1.27783203125
789,-4.4794921875,-6.6552734375,-2.2978515625,1.91357421875
790,-4.4794921875,-6.6552734375,-2.2978515625,1.27783203125
791,-4.5908203125,-5.0283203125,-1.2607421875,0.41357421875
792,-3.4794921875,-5.0283203125,-1.2607421875,0.41357421875
793,-4.5908203125,-5.6552734375,-1.2607421875,0.41357421875
794,-4.5908203125,-5.0283203125,-1.2978515625,0.41357421875
795,-4.5908203125,-5.0283203125,-1.2607421875,-0.22216796875
796,-4.5908203125,-5.6552734375,-1.2978515625,-0.22216796875
797,-3.4794921875,-5.0283203125,-1.2978515625,-0.22216796875
798,-3.4794921875,-5.6552734375,-1.2607421875,-0.22216796875
799,-3.4794921875,-5.6552734375,-1.2978515625,0.41357421875
800,-3.4794921875,-5.6552734375,-1.2978515625,-0.22216796875
